-847
797
-775
-885
-549
874
643
858
-730
-103
272
-108
305
0
-432
287
242
-703
678
-748
696
-848
31
-27
-833
-82
839
929
-735
-908
-390
-599
216
990
415
688
-916
506
966
-928
-723
-598
215
-733
449
-674
429
-963
-743
-331
-233
-277
244
-827
-406
630
-935
118
-512
-237
-140
519
640
726
326
85
211
521
-441
-175
-790
-224
-685
-628
-338
-475
-44
400
914
421
-443
930
-902
-587
-41
146
696
126
-496
789
-107
753
222
-496
-881
-684
97
-810
-719
-856
214
71
-169
-852
-952
-202
-788
552
107
-207
-113
950
252
-53
-302
-472
-149
994
-181
926
-49
694
-781
-974
804
-645
283
765
-558
962
137
-282
690
-620
918
-34
735
-676
-177
-940
91
-165
-97
103
-423
-160
4
-480
75
445
759
41
-278
-724
-189
952
159
201
481
-455
350
-606
211
831
-725
-56
462
-447
-102
-916
494
-558
988
32
-798
-779
-18
468
-86
-749
-430
128
246
227
-927
425
279
185
201
-403
-352
287
-881
-260
193
-125
-409
-454
641
277
132
713
753
863
-832
53
-56
790
-37
-146
-589
-746
-547
-695
-671
74
-104
-274
-858
-773
-483
-15
-267
-834
-445
-468
-650
279
-892
-851
283
-209
122
-872
-155
-402
597
-248
-986
907
-1000
-891
-810
776
-60
-387
-677
938
841
-269
-678
415
621
-228
-586
-475
729
387
547
443
666
191
-862
-169
143
379
69
-592
-319
730
-469
-741
813
544
952
-527
901
-341
-940
-767
257
932
505
-925
-515
-274
573
-157
579
488
672
505
-414
-748
551
320
120
-623
145
-418
-544
-161
-419
-177
596
-967
148
-223
387
520
43
429
673
757
824
-994
132
969
-282
814
545
722
-88
-505
708
-440
-503
660
919
-857
-829
-83
547
892
978
197
-530
-758
-28
-191
575
-675
-421
-479
-451
-169
-48
351
-286
-383
497
-999
469
-728
181
321
-121
-151
122
-738
315
601
177
-194
-758
-365
152
-563
464
564
-896
956
131
-952
-868
336
-449
-185
417
893
882
-731
-393
507
79
-781
398
-433
-406
-821
876
-860
434
538
-420
929
-990
279
-487
67
-729
-332
488
-229
-684
-701
-898
-924
-886
495
974
434
644
-325
-431
515
-352
-982
-168
-188
-3
-224
-633
-278
-582
-754
-623
732
670
-948
265
156
321
788
-346
-340
-46
-237
-938
-413
518
465
204
-534
-159
585
-882
207
118
216
950
-575
899
36
-66
523
-568
-997
-118
599
-189
-6
-93
693
38
719
501
-449
373
631
-252
639
695
829
642
253
669
449
241
-668
826
-399
-136
-694
948
919
-632
374
692
858
95
382
849
866
552
109
-536
-452
-919
792
-124
129
-190
934
893
505
206
-887
-956
526
-276
803
498
-516
541
-204
-412
-191
-197
-621
505
295
846
282
540
426
-765
571
927
-783
613
-970
177
815
-518
-972
400
993
-499
-3
126
737
448
58
947
-699
819
958
391
433
192
-218
-342
-134
672
-235
826
265
-952
307
284
-189
-391
769
-79
87
751
518
892
-166
883
-528
-438
13
748
903
-854
-3
619
-79
-811
493
-364
892
-634
240
-186
936
237
-223
722
348
803
-84
-314
469
-39
569
1
-72
630
-439
268
357
-760
-35
201
568
671
646
-19
-172
454
-671
404
892
-872
-659
-185
491
844
363
-111
-673
370
3
478
-359
589
-185
-372
522
-719
-667
487
969
-142
155
585
331
-476
-166
171
278
-183
195
-101
306
-619
131
820
-75
646
769
-48
907
555
-307
-211
-829
-909
558
-562
161
-965
274
496
808
-218
-647
-83
44
217
-40
-260
34
-721
-983
562
548
-293
-203
454
-356
-15
986
-61
-967
800
482
-922
286
152
735
-753
632
-339
832
-313
741
967
626
-101
446
-888
725
-816
-308
-319
-469
-625
118
729
-397
-250
209
260
842
832
-608
-214
113
850
531
-543
-398
-77
-96
102
75
-830
-161
455
838
-441
-631
-400
880
804
-69
-818
-203
414
782
-865
-299
-897
839
-6
501
-622
21
145
-464
-855
185
-77
-163
543
-113
-879
-114
-745
726
306
-224
957
186
-820
-823
-628
-715
778
-24
-774
75
598
581
-528
-529
337
-369
-987
-574
-759
393
609
114
-416
417
847
-253
-649
-18
-78
904
-897
583
189
149
162
-438
9
602
69
163
38
-4
-189
401
73
-349
132
-168
20
350
-253
427
-889
-828
-341
585
-173
-383
196
-376
-527
-297
531
-880
-409
-156
279
-203
413
142
56
-79
-776
-418
229
50
435
-581
-255
-942
-41
565
59
975
937
-63
475
151
-597
570
-314
797
-926
-346
-671
0
-1000
-992
468
93
-140
-855
-723
81
274
-318
-208
532
-848
-98
232
854
-18
-677
-825
-512
-253
665
932
440
422
-392
739
-129
-76
-67
-119
879
-452
-783
-547
-801
341
-863
-105
-408
-80
-401
127
-344
566
-744
-705
699
-830
-270
-136
-295
-550
452
-404
6
654
47
-517
519
-595
-447
817
945
-138
54
-58
-638
232
827
-895
-32
417
616
-465
589
-77
-807
-337
-169
125
-344
282
837
625
-928
-456
565
-216
-415
652
-239
118
-693
-401
148
-553
-958
511
316
119
-162
-169
332
323
-851
763
601
448
-250
-408
-696
-546
-759
-319
631
172
-863
-938
-987
-942
-689
-722
-496
-801
-334
-407
-56
478
-947
-893
-754
468
-393
-807
-825
315
796
-759
-986
683
411
-183
830
623
-624
763
-311
980
-641
779
341
146
-259
547
312
969
-560
402
107
344
-956
905
-453
-301
-454
-645
-615
-709
673
1000
685
-472
372
150
974
-518
-323
-746
519
360
821
-259
413
651
5
-480
669
-107
832
-843
839
804
467
-6
-850
83
383
-936
863
-938
-23
812
664
640
-844
-572
-290
160
983
112
528
-380
-992
-955
-156
416
970
-982
-185
-265
590
-14
733
-532
-295
-781
943
-402
976
-464
-247
-680
-919
470
-29
-578
-742
676
-124
72
-204
-593
-692
-940
-48
196
882
-426
160
35
296
-312
445
-715
-424
100
169
-842
-355
-592
-805
616
-958
-347
599
-700
-344
724
468
-622
303
-260
-317
173
79
-769
-964
-544
34
488
-708
759
-596
-393
-136
-376
793
801
416
830
137
392
81
-294
-239
-618
-554
-996
-492
674
-212
308
754
-264
185
582
304
938
-756
-193
-521
135
264
560
355
-466
-359
146
60
-754
818
644
224
856
-637
992
7
453
210
-792
-926
-113
-79
350
-135
-238
-662
-790
-414
-269
-384
-193
233
805
877
161
564
-559
476
455
447
-645
29
-711
864
-926
-606
-361
-989
-297
-721
-444
-905
157
667
336
894
854
839
639
71
-844
-390
46
-358
-981
-757
-576
321
-498
-489
355
-934
340
-644
2
818
-97
-661
740
366
-930
735
497
-746
930
683
415
-200
832
355
-97
-764
464
986
273
866
-558
790
434
-306
334
724
176
-866
307
677
-582
552
0
-251
571
-824
-383
995
857
-553
-478
601
885
-850
889
-855
844
739
-454
42
-525
459
-994
-920
198
-852
452
178
517
874
905
490
925
-763
679
526
578
-963
-274
565
-351
262
-659
-612
349
334
-378
408
863
102
-116
507
-288
604
244
568
652
-488
-86
-641
-769
55
-603
650
809
-586
907
162
-292
-600
4
972
-215
306
38
58
-467
-395
-664
-425
-210
232
269
-576
699
-327
627
476
490
315
66
-423
-831
49
479
-804
-189
789
-936
-535
100
-380
-771
-72
-424
-364
356
-250
671
18
-881
234
291
229
-575
141
584
109
664
194
976
163
807
902
498
836
608
114
357
797
-478
-544
-637
-356
-753
-767
579
928
250
273
318
485
837
-890
-523
234
-358
-364
360
626
-8
898
471
-981
180
181
-672
205
510
-369
962
-388
-494
646
-9
-181
679
662
125
966
797
555
-937
968
-515
900
-836
25
-266
59
256
-267
-648
-211
41
-811
-71
898
36
-312
236
989
547
835
365
919
-205
426
686
624
-25
532
714
-218
-203
577
670
-510
685
761
-531
-71
867
-636
-108
583
16
446
715
348
-565
13
373
651
816
621
-446
-525
-274
597
-890
-98
982
-701
9
31
-921
-872
-910
813
-104
466
204
444
-183
708
-991
-973
511
77
396
226
-670
-44
-871
542
766
-413
805
-413
-436
-623
-884
-513
321
-438
0
658
-932
272
-27
-584
-160
-660
-793
-97
284
-77
189
-192
230
851
437
51
-212
-614
485
385
-753
954
-771
91
-759
-276
-470
-482
-815
-378
716
418
-992
524
-522
-439
956
-753
-230
-558
155
-162
-157
40
-95
117
476
-858
-747
379
-247
-384
-96
-993
177
-755
-402
-674
-974
70
820
921
860
-412
-292
-352
37
921
-627
-303
297
-659
609
-911
-540
-772
-647
611
-985
-568
706
-382
-221
-582
585
697
-766
213
76
364
-659
-284
-980
-964
-835
-217
-195
297
58
-86
988
225
328
-478
-234
-532
-351
733
-175
-713
-381
-298
875
429
92
99
-418
-459
-913
-859
321
966
548
-922
530
446
113
-207
-762
732
282
774
712
-952
-910
-482
-5
-862
-941
808
-918
745
-554
215
633
115
923
143
798
894
657
847
-193
729
-631
117
990
-655
331
233
513
-492
86
882
-912
340
-583
-248
-828
-812
-381
465
225
663
-34
566
-692
460
-721
380
-491
-248
-925
667
502
-739
4
-688
611
-191
276
-22
733
799
887
752
962
-442
200
-859
929
270
-671
-178
355
964
659
361
638
872
127
948
621
588
-274
141
205
-98
410
141
-640
-428
-69
972
-367
307
135
53
-67
-609
645
939
401
-97
-606
-529
972
308
919
434
851
-854
-392
263
609
368
904
-706
-396
462
-5
-777
768
-436
-5
148
-943
307
222
-837
455
-247
-242
883
-564
-121
647
801
1
534
272
478
845
-687
-856
-108
-917
509
298
532
0
257
-753
-906
807
209
-247
624
659
-518
-941
990
-738
-481
-186
-643
613
757
-557
-675
445
6
335
76
721
-244
710
757
-176
-648
348
690
968
-945
-167
-682
-166
802
892
-662
821
-569
468
-123
-228
-363
-250
94
-397
-873
416
-364
425
-236
-899
381
606
656
-370
-536
966
-439
-383
-183
-858
-154
-903
-228
-595
-813
-665
-940
455
-684
-861
117
244
865
-115
-902
813
-681
678
250
539
-57
534
-579
311
-304
568
-234
9
-836
157
548
711
-884
-727
503
767
766
-547
-468
-846
84
56
-692
946
221
-593
-319
233
87
897
745
-304
-575
-867
-846
370
-466
-531
-90
-684
172
239
-691
354
482
-266
210
271
226
516
511
220
133
-837
9
621
-610
-96
593
-634
-493
37
132
-387
877
264
-515
-744
-669
-632
-900
-473
-708
-502
-522
-311
44
636
-737
7
-717
-691
405
678
-537
276
442